 <pre>

 Contingency table for Visibility (m)
 Selection: ALL    720 stations
Period: 20211118-20211231
Used {00,03,...,21} + 00 03 ... 24
 Limits    1000.0000000000000        5000.0000000000000        10000.000000000000        20000.000000000000     
 Each class is data <= limit, the very last > last limit
 Total number of values      840599
                                     OBSERVATION
                                   9419    14041     4864     2788     1764 |     32876
                                  10692    63339    34717    30394    23616 |    162758
                          w460     2506    22285    25199    30969    36373 |    117332
                                    945     9052    15287    26699    55178 |    107161
                                   6858    40290    61723   100849   210752 |    420472

                    SUM           30420   149007   141790   191699   327683 |    840599
                                     OBSERVATION
                                   9481    14088     4813     2753     1755 |     32890
                                  10649    63359    34752    30582    23671 |    163013
                          w461     2560    22475    25446    31377    36983 |    118841
                                    984     9248    15588    27212    56580 |    109612
                                   6746    39837    61191    99775   208694 |    416243

                    SUM           30420   149007   141790   191699   327683 |    840599

