 <pre>

 Contingency table for Cloud cover (octas)
 Selection: ALL    618 stations
Period: 20211118-20211231
Used {00,03,...,21} + 03 06 09 12 15 18 21 24
 Limits   0.50000000000000000        1.5000000000000000        2.5000000000000000        3.5000000000000000        4.5000000000000000        5.5000000000000000        6.5000000000000000        7.5000000000000000     
 Each class is data <= limit, the very last > last limit
 Total number of values      517256
                                                       OBSERVATION
                                  36414     4487     3057     2201     1391     1615     1844     3917     9489 |     64415
                                   5462     1192     1079      838      538      789      946     2365     5579 |     18788
                                   3006      730      670      597      370      570      697     1746     4114 |     12500
                                   2243      592      532      515      325      488      643     1520     3582 |     10440
                          w460     1965      486      466      476      320      501      651     1497     3644 |     10006
                                   1941      526      522      495      333      517      751     1749     3993 |     10827
                                   2119      568      602      564      394      606      932     2073     5416 |     13274
                                   2978      933      924      860      650     1080     1548     3781    10139 |     22893
                                  12602     4086     3719     4265     3518     6791    10574    52968   255590 |    354113

                    SUM           68730    13600    11571    10811     7839    12957    18586    71616   301546 |    517256
                                                       OBSERVATION
                                  36386     4500     3072     2165     1361     1645     1808     3882     9508 |     64327
                                   5583     1194     1087      871      542      795      962     2314     5542 |     18890
                                   2964      745      611      560      358      528      708     1718     4129 |     12321
                                   2242      531      533      496      329      506      675     1540     3579 |     10431
                          w461     1975      530      537      460      320      467      666     1579     3642 |     10176
                                   1941      494      512      483      324      517      763     1670     4036 |     10740
                                   2126      587      586      600      442      612      935     2127     5447 |     13462
                                   3043      929      909      927      673     1048     1541     3816    10029 |     22915
                                  12470     4090     3724     4249     3490     6839    10528    52970   255634 |    353994

                    SUM           68730    13600    11571    10811     7839    12957    18586    71616   301546 |    517256

