 <pre>

 Contingency table for Rh2m (%)
 Selection: ALL   1054 stations
Period: 20211118-20211231
Used {00,03,...,21} + 00 03 ... 24
 Limits    30.000000000000000        50.000000000000000        65.000000000000000        75.000000000000000        85.000000000000000        95.000000000000000        100.00000000000000     
 Each class is data <= limit, the very last > last limit
 Total number of values     1287801
                                              OBSERVATION
                                     20       18       12       17        8        0        0        0 |        75
                                     91     2278     3348     1516     1289      601       40        0 |      9163
                                     49     3707    28223    22289    19404     9146      728        0 |     83546
                          w460       12      705    14298    47059    67480    40820     2804        0 |    173178
                                      4      181     4093    29389   134023   156304    14743        0 |    338737
                                      0       54      817     5809    59375   294355    94609        0 |    455019
                                      0        0       81      371     3695    58302   163238        0 |    225687
                                      0        0        0        2        4      265     2125        0 |      2396

                    SUM             176     6943    50872   106452   285278   559793   278287        0 |   1287801
                                              OBSERVATION
                                     20       19       18       28       11        2        0        0 |        98
                                     92     2265     3371     1549     1342      624       39        0 |      9282
                                     49     3708    28190    22277    19243     9089      711        0 |     83267
                          w461       10      712    14318    46857    67518    40812     2775        0 |    173002
                                      5      192     4105    29543   133966   156055    14855        0 |    338721
                                      0       46      798     5853    59492   294446    94446        0 |    455081
                                      0        1       72      343     3701    58497   163352        0 |    225966
                                      0        0        0        2        5      268     2109        0 |      2384

                    SUM             176     6943    50872   106452   285278   559793   278287        0 |   1287801

